	Case(1)/Control(0)	rs11252546	rs7909677	rs10904494	rs11591988	rs4508132	rs10904561	rs7917054	rs7906287	rs4495823	rs2379076	rs11253478	rs9419557	rs9286070	rs9419560	rs9419561	rs11253562	rs4881551	rs4880750	rs11594819	rs9419419	rs7909028	rs7476951	rs12146291
NA18532	1	0	0	0	1	1	1	0	1	1	1	1	0	0	0	0	0	1	1	0	0	0	0	1	
NA18605	1	0	0	0	0	0	0	0	0	0	0	0	0	0	0	0	0	0	0	0	0	0	0	0	
NA18542	1	0	0	0	2	2	2	0	2	1	1	2	0	0	0	0	0	1	1	1	0	1	1	1	
NA18550	1	0	0	0	0	0	0	0	0	0	0	0	0	0	0	0	0	0	0	0	0	0	0	0	
NA18608	1	0	1	0	1	1	0	1	1	1	0	1	0	0	0	0	0	1	0	2	0	0	0	0	
NA18564	1	0	0	0	1	1	1	0	1	1	1	1	0	0	0	0	0	1	1	1	0	0	0	1	
NA18571	1	0	0	0	0	1	0	0	0	1	1	1	0	0	0	0	0	1	1	1	0	0	0	0	
NA18620	1	0	0	0	1	1	1	0	1	1	1	1	0	0	0	0	0	1	1	1	0	0	0	2	
NA18623	1	0	0	0	0	0	0	0	0	0	0	0	0	0	0	0	0	0	0	0	0	0	0	0	
NA18633	1	0	0	0	0	0	0	0	0	0	0	0	0	0	0	0	0	0	0	0	0	0	0	0	
NA18637	1	0	0	0	0	0	0	0	0	0	0	0	0	0	0	0	0	0	0	0	0	0	0	0	
NA18526	1	0	0	0	1	1	1	0	1	1	1	1	0	0	0	0	0	0	0	0	0	0	0	0	
NA18524	1	1	0	1	1	1	0	1	1	1	0	1	0	0	0	0	1	0	0	1	0	0	0	1	
NA18558	1	0	0	0	2	2	2	0	2	2	2	2	0	0	0	0	0	2	2	1	0	0	0	2	
NA18562	1	0	0	0	0	0	0	0	0	0	0	0	0	0	0	0	0	0	0	0	0	0	0	0	
NA18537	1	0	0	0	0	0	0	0	0	0	0	0	0	0	0	0	0	0	0	0	0	0	0	0	
NA18603	1	1	0	1	1	1	0	1	1	1	0	1	0	0	0	0	1	0	0	2	0	0	0	1	
NA18545	1	0	0	0	1	1	1	0	1	1	1	1	0	0	0	0	0	1	1	1	0	0	0	0	
NA18572	1	0	0	0	1	1	1	0	1	1	1	1	0	0	0	0	0	1	1	1	0	0	0	0	
NA18547	1	0	0	0	0	0	0	0	0	0	0	0	0	0	0	0	0	0	0	0	0	0	1	0	
NA18609	1	0	0	0	0	0	0	0	0	0	0	0	0	0	0	0	0	0	0	1	0	0	0	0	
NA18552	1	0	0	0	2	2	2	0	2	2	2	2	0	0	0	0	0	2	2	0	0	0	0	2	
NA18555	1	0	0	0	0	0	0	0	0	0	0	0	0	0	0	0	0	0	0	1	0	0	0	2	
NA18566	1	0	0	0	2	2	2	0	2	2	2	2	0	0	0	0	0	2	2	0	0	0	0	2	
NA18563	1	0	0	0	1	1	1	0	1	1	1	1	0	0	0	0	0	1	1	1	0	0	0	1	
NA18570	1	0	1	0	1	1	0	1	1	1	0	1	0	0	0	0	0	1	0	1	0	0	0	0	
NA18612	1	0	0	0	1	1	1	0	1	1	1	1	0	0	0	0	0	1	1	2	0	0	0	1	
NA18621	1	1	0	1	2	2	1	1	2	2	1	2	0	0	0	0	1	1	1	2	0	1	1	1	
NA18622	1	0	0	0	0	0	0	0	0	0	0	0	0	0	0	0	0	0	0	1	0	0	0	0	
NA18573	1	0	0	0	2	2	2	0	2	2	2	2	0	0	0	0	0	2	2	0	0	0	0	1	
NA18577	1	0	0	0	2	2	2	0	2	2	2	2	0	0	0	0	0	2	2	0	0	0	0	2	
NA18592	1	0	0	0	1	1	1	0	1	1	1	1	0	0	0	0	0	1	1	0	0	0	0	0	
NA18636	1	0	0	0	0	0	0	0	0	0	0	0	0	0	0	0	0	0	0	0	0	0	0	1	
NA18593	1	0	0	0	2	2	1	0	1	2	2	2	0	0	0	0	0	2	2	1	0	0	0	2	
NA18596	1	0	1	0	2	2	0	2	2	2	0	2	1	1	1	1	0	2	0	1	1	1	1	0	
NA18597	1	0	0	0	0	1	0	0	0	1	1	1	0	0	0	0	0	1	1	1	0	0	0	1	
NA18536	1	0	0	0	0	0	0	0	0	0	0	0	0	0	0	0	0	0	0	1	0	0	0	0	
NA18962	1	0	0	0	1	1	1	0	1	1	1	1	0	0	0	0	0	1	1	0	0	0	0	1	
NA18544	1	0	0	0	0	0	0	0	0	0	0	0	0	0	0	0	0	0	0	1	0	0	0	0	
NA18546	1	0	0	0	0	0	0	0	0	0	0	0	0	0	0	0	0	0	0	0	0	0	0	0	
NA18610	1	1	0	1	1	1	0	1	1	1	0	1	0	0	0	0	1	0	0	2	0	1	1	0	
NA18615	1	0	0	0	1	1	1	0	1	1	1	1	0	0	0	0	0	1	1	1	0	0	0	0	
NA18557	1	0	0	0	0	0	0	0	0	0	0	0	0	0	0	0	0	0	0	0	0	0	0	0	
NA18559	1	0	0	0	1	1	1	0	1	1	1	1	0	0	0	0	0	1	1	0	0	0	0	1	
NA18619	1	0	0	0	0	0	0	0	0	0	1	0	0	0	0	0	0	0	0	2	0	0	0	0	
NA18638	1	0	0	0	1	1	1	0	1	1	1	1	0	0	0	0	0	1	1	1	0	0	0	1	
NA18639	1	0	0	0	0	1	0	0	0	1	1	1	0	0	0	0	0	1	1	0	0	1	0	0	
NA18627	1	0	0	0	1	1	1	0	1	1	1	1	0	0	0	0	0	1	1	0	0	0	0	1	
NA18628	1	0	0	0	1	2	1	0	1	2	2	2	0	0	0	0	0	2	2	1	0	0	0	1	
NA18631	1	0	0	0	0	0	0	0	0	0	0	0	0	0	0	0	0	0	0	0	0	0	0	0	
NA18634	1	0	0	0	0	0	0	0	0	0	0	0	0	0	0	0	0	0	0	1	0	0	0	0	
NA18745	1	0	0	0	1	0	0	0	0	0	0	1	0	0	0	0	0	0	0	1	1	0	0	0	
NA18640	1	0	0	0	1	1	1	0	1	1	0	1	0	0	0	0	0	1	1	1	0	0	0	1	
NA18641	1	0	0	0	1	1	1	0	1	1	1	1	0	0	0	0	0	1	1	0	0	0	0	1	
NA18748	1	0	0	0	0	0	0	0	0	0	0	0	0	0	0	0	0	0	0	1	0	0	0	0	
NA18749	1	0	1	0	0	0	0	0	0	0	0	1	0	0	0	0	0	0	0	0	0	0	0	0	
NA18642	1	0	0	0	2	2	2	0	2	2	1	2	0	0	0	0	0	2	2	0	0	0	0	2	
NA18599	1	0	0	0	1	1	1	0	1	1	1	1	0	0	0	0	0	1	1	0	0	0	0	1	
NA18626	1	0	1	0	2	2	1	1	2	2	1	2	0	0	0	0	0	2	1	1	0	0	0	1	
NA18595	1	0	0	0	0	0	0	0	0	0	0	0	0	0	0	0	0	0	0	0	0	0	0	0	
NA18618	1	0	0	0	0	0	0	0	0	0	0	0	0	0	0	0	0	0	0	0	0	0	0	0	
NA18740	1	0	0	0	0	1	1	0	1	1	1	1	0	0	0	0	0	1	1	0	0	0	0	1	
NA18532	0	0	0	0	1	1	1	0	1	1	1	1	0	0	0	0	0	1	1	0	0	0	0	1	
NA18605	0	0	0	0	0	0	0	0	0	0	0	0	0	0	0	0	0	0	0	0	0	0	0	0	
NA18542	0	0	0	0	2	2	2	0	2	1	1	2	0	0	0	0	0	1	1	1	0	1	1	1	
NA18550	0	0	0	0	0	0	0	0	0	0	0	0	0	0	0	0	0	0	0	0	0	0	0	0	
NA18608	0	0	1	0	1	1	0	1	1	1	0	1	0	0	0	0	0	1	0	2	0	0	0	0	
NA18564	0	0	0	0	1	1	1	0	1	1	1	1	0	0	0	0	0	1	1	1	0	0	0	1	
NA18571	0	0	0	0	0	1	0	0	0	1	1	1	0	0	0	0	0	1	1	1	0	0	0	0	
NA18620	0	0	0	0	1	1	1	0	1	1	1	1	0	0	0	0	0	1	1	1	0	0	0	2	
NA18623	0	0	0	0	0	0	0	0	0	0	0	0	0	0	0	0	0	0	0	0	0	0	0	0	
NA18633	0	0	0	0	0	0	0	0	0	0	0	0	0	0	0	0	0	0	0	0	0	0	0	0	
NA18637	0	0	0	0	0	0	0	0	0	0	0	0	0	0	0	0	0	0	0	0	0	0	0	0	
NA18526	0	0	0	0	1	1	1	0	1	1	1	1	0	0	0	0	0	0	0	0	0	0	0	0	
NA18524	0	1	0	1	1	1	0	1	1	1	0	1	0	0	0	0	1	0	0	1	0	0	0	1	
NA18558	0	0	0	0	2	2	2	0	2	2	2	2	0	0	0	0	0	2	2	1	0	0	0	2	
NA18562	0	0	0	0	0	0	0	0	0	0	0	0	0	0	0	0	0	0	0	0	0	0	0	0	
NA18537	0	0	0	0	0	0	0	0	0	0	0	0	0	0	0	0	0	0	0	0	0	0	0	0	
NA18603	0	1	0	1	1	1	0	1	1	1	0	1	0	0	0	0	1	0	0	2	0	0	0	1	
NA18545	0	0	0	0	1	1	1	0	1	1	1	1	0	0	0	0	0	1	1	1	0	0	0	0	
NA18572	0	0	0	0	1	1	1	0	1	1	1	1	0	0	0	0	0	1	1	1	0	0	0	0	
NA18547	0	0	0	0	0	0	0	0	0	0	0	0	0	0	0	0	0	0	0	0	0	0	1	0	
NA18609	0	0	0	0	0	0	0	0	0	0	0	0	0	0	0	0	0	0	0	1	0	0	0	0	
NA18552	0	0	0	0	2	2	2	0	2	2	2	2	0	0	0	0	0	2	2	0	0	0	0	2	
NA18555	0	0	0	0	0	0	0	0	0	0	0	0	0	0	0	0	0	0	0	1	0	0	0	2	
NA18566	0	0	0	0	2	2	2	0	2	2	2	2	0	0	0	0	0	2	2	0	0	0	0	2	
NA18563	0	0	0	0	1	1	1	0	1	1	1	1	0	0	0	0	0	1	1	1	0	0	0	1	
NA18570	0	0	1	0	1	1	0	1	1	1	0	1	0	0	0	0	0	1	0	1	0	0	0	0	
NA18612	0	0	0	0	1	1	1	0	1	1	1	1	0	0	0	0	0	1	1	2	0	0	0	1	
NA18621	0	1	0	1	2	2	1	1	2	2	1	2	0	0	0	0	1	1	1	2	0	1	1	1	
NA18622	0	0	0	0	0	0	0	0	0	0	0	0	0	0	0	0	0	0	0	1	0	0	0	0	
NA18573	0	0	0	0	2	2	2	0	2	2	2	2	0	0	0	0	0	2	2	0	0	0	0	1	
NA18577	0	0	0	0	2	2	2	0	2	2	2	2	0	0	0	0	0	2	2	0	0	0	0	2	
NA18592	0	0	0	0	1	1	1	0	1	1	1	1	0	0	0	0	0	1	1	0	0	0	0	0	
NA18636	0	0	0	0	0	0	0	0	0	0	0	0	0	0	0	0	0	0	0	0	0	0	0	1	
NA18593	0	0	0	0	2	2	1	0	1	2	2	2	0	0	0	0	0	2	2	1	0	0	0	2	
NA18596	0	0	1	0	2	2	0	2	2	2	0	2	1	1	1	1	0	2	0	1	1	1	1	0	
NA18597	0	0	0	0	0	1	0	0	0	1	1	1	0	0	0	0	0	1	1	1	0	0	0	1	
NA18536	0	0	0	0	0	0	0	0	0	0	0	0	0	0	0	0	0	0	0	1	0	0	0	0	
NA18962	0	0	0	0	1	1	1	0	1	1	1	1	0	0	0	0	0	1	1	0	0	0	0	1	
NA18544	0	0	0	0	0	0	0	0	0	0	0	0	0	0	0	0	0	0	0	1	0	0	0	0	
NA18546	0	0	0	0	0	0	0	0	0	0	0	0	0	0	0	0	0	0	0	0	0	0	0	0	
NA18610	0	1	0	1	1	1	0	1	1	1	0	1	0	0	0	0	1	0	0	2	0	1	1	0	
NA18615	0	0	0	0	1	1	1	0	1	1	1	1	0	0	0	0	0	1	1	1	0	0	0	0	
NA18616	0	0	0	0	1	1	1	0	1	1	1	1	0	0	0	0	0	1	1	1	0	0	0	0	
NA18557	0	0	0	0	0	0	0	0	0	0	0	0	0	0	0	0	0	0	0	0	0	0	0	0	
NA18559	0	0	0	0	1	1	1	0	1	1	1	1	0	0	0	0	0	1	1	0	0	0	0	1	
NA18619	0	0	0	0	0	0	0	0	0	0	1	0	0	0	0	0	0	0	0	2	0	0	0	0	
NA18638	0	0	0	0	1	1	1	0	1	1	1	1	0	0	0	0	0	1	1	1	0	0	0	1	
NA18639	0	0	0	0	0	1	0	0	0	1	1	1	0	0	0	0	0	1	1	0	0	1	0	0	
NA18627	0	0	0	0	1	1	1	0	1	1	1	1	0	0	0	0	0	1	1	0	0	0	0	1	
NA18645	0	1	0	1	2	2	1	1	2	2	1	2	0	0	0	0	1	1	1	2	0	1	1	1	
NA18628	0	0	0	0	1	2	1	0	1	2	2	2	0	0	0	0	0	2	2	1	0	0	0	1	
NA18631	0	0	0	0	0	0	0	0	0	0	0	0	0	0	0	0	0	0	0	0	0	0	0	0	
NA18634	0	0	0	0	0	0	0	0	0	0	0	0	0	0	0	0	0	0	0	1	0	0	0	0	
NA18745	0	0	0	0	1	0	0	0	0	0	0	1	0	0	0	0	0	0	0	1	1	0	0	0	
NA18640	0	0	0	0	1	1	1	0	1	1	0	1	0	0	0	0	0	1	1	1	0	0	0	1	
NA18641	0	0	0	0	1	1	1	0	1	1	1	1	0	0	0	0	0	1	1	0	0	0	0	1	
NA18748	0	0	0	0	0	0	0	0	0	0	0	0	0	0	0	0	0	0	0	1	0	0	0	0	
NA18749	0	0	1	0	0	0	0	0	0	0	0	1	0	0	0	0	0	0	0	0	0	0	0	0	
NA18642	0	0	0	0	2	2	2	0	2	2	1	2	0	0	0	0	0	2	2	0	0	0	0	2	
NA18599	0	0	0	0	1	1	1	0	1	1	1	1	0	0	0	0	0	1	1	0	0	0	0	1	
NA18626	0	0	1	0	2	2	1	1	2	2	1	2	0	0	0	0	0	2	1	1	0	0	0	1	
NA18595	0	0	0	0	0	0	0	0	0	0	0	0	0	0	0	0	0	0	0	0	0	0	0	0	
NA18618	0	0	0	0	0	0	0	0	0	0	0	0	0	0	0	0	0	0	0	0	0	0	0	0	
NA18740	0	0	0	0	1	1	1	0	1	1	1	1	0	0	0	0	0	1	1	0	0	0	0	1	
